-49.4,9.6,8.9,-31.1,48.0,29.3,-36.8,43.2,-13.1,-34.8,19.2,36.5,23.8,22.3,29.5,22.6,29.5,17.3,20.2,-31.8,0.2,34.2,25.6,49.6,-33.2,-13.8,-19.6,-30.7,31.0,32.0,-2.8,
-18.6,47.8,-24.3,3.7,-8.5,9.7,25.6,-42.7,-42.2,-42.0,-1.0,-15.0,7.6,-33.2,40.5,20.5,-20.6,-6.8,-40.3,21.6,13.0,-9.5,9.7,-43.0,43.1,11.5,-3.1,42.0,
-5.8,10.6,-44.3,-7.3,34.9,-32.3,28.1,38.5,29.1,16.9,-42.2,2.9,9.0,-37.8,46.8,16.0,7.1,0.9,26.1,-26.5,3.3,-43.7,-41.5,-9.7,-15.1,41.1,27.3,29.0,-29.9,37.0,-35.8,
1.4,16.6,-26.9,33.4,-49.2,22.0,35.0,23.1,24.3,23.4,12.6,-11.6,34.3,22.0,25.5,-45.7,-8.9,-9.4,23.5,15.1,-40.1,-32.5,-31.5,-41.2,-40.1,9.0,49.5,5.4,-25.1,47.3,
-33.4,-28.2,-8.7,-2.1,-49.6,-32.6,11.7,-27.6,47.2,-21.9,20.1,-25.2,12.2,23.0,-10.0,7.3,-1.5,47.4,32.1,-37.9,22.5,-22.2,-21.8,-44.8,13.6,-25.4,-16.5,43.6,29.0,8.5,10.5,
-28.6,24.3,32.4,23.6,12.4,24.0,38.5,-13.1,10.6,28.1,-30.9,7.0,-27.5,22.7,-2.0,1.1,31.2,40.4,10.6,7.6,-15.1,26.5,-11.4,-26.6,11.3,24.5,49.3,-30.7,-27.8,-9.3,
-1.7,-14.5,-47.8,-18.4,28.1,-44.2,21.5,38.0,37.9,41.7,-28.7,4.8,-47.4,-14.6,49.2,-14.4,-6.1,5.0,11.5,28.1,-9.5,-37.6,18.3,-21.1,19.6,-17.2,20.0,23.5,40.0,41.0,22.0,
48.8,8.8,-40.2,-28.8,29.1,-22.7,-16.4,-27.3,35.2,23.9,2.4,38.3,11.1,13.9,-1.3,-38.2,45.4,-26.6,-15.8,38.9,-10.1,24.7,-28.0,-21.0,38.0,-39.4,5.3,6.0,-12.4,27.7,23.8,
6.0,-48.3,46.9,4.5,-35.7,-26.8,25.2,-42.8,23.5,20.5,3.3,-10.7,9.6,14.9,38.5,-18.6,-3.5,43.6,44.0,30.3,22.0,-34.6,-4.8,22.0,27.4,1.7,-37.5,-3.3,-37.5,39.0,
-48.1,-45.4,-9.1,38.2,17.7,28.8,30.8,-42.7,-39.8,23.7,-10.1,47.2,38.8,-26.1,-13.8,-28.5,9.9,32.1,-1.5,36.4,46.1,32.6,-41.1,-11.1,7.1,12.4,-21.0,-43.1,7.2,-10.2,2.6,
-39.5,-29.3,18.0,-10.4,18.1,-24.7,30.5,-33.7,8.9,-45.0,-6.5,21.2,29.6,-19.9,-38.4,-12.5,1.2,32.0,11.5,28.1,38.7,-33.7,-8.3,32.4,-1.4,-7.7,-12.9,41.0,-45.4,1.5,
39.5,36.4,35.5,45.8,7.0,-20.9,-21.7,-1.9,-27.2,21.1,10.5,32.7,32.5,-2.0,-19.9,20.9,-0.9,-9.8,-8.1,-23.5,-34.1,39.7,-7.7,-24.9,-41.4,31.1,-29.2,37.8,-11.6,-26.3,9.2,
